ConfusionMatrix:
[[     972       0       1       0       1       1       1       1       2       1]   99.184% 	[class: 1]
 [       0    1125       2       2       0       1       2       1       2       0]   99.119% 	[class: 2]
 [       1       0    1016       2       2       0       2       6       3       0]   98.450% 	[class: 3]
 [       0       0       2     991       0       4       0       5       4       4]   98.119% 	[class: 4]
 [       2       0       3       1     961       0       4       2       1       8]   97.862% 	[class: 5]
 [       4       0       0       9       1     867       4       1       2       4]   97.197% 	[class: 6]
 [       6       2       1       1       3       4     939       0       2       0]   98.017% 	[class: 7]
 [       1       6       8       3       2       0       0    1006       0       2]   97.860% 	[class: 8]
 [       3       0       3       5       2       4       2       1     951       3]   97.639% 	[class: 9]
 [       3       2       0       3       7       3       0       5       0     986]]  97.721% 	[class: 0]
 + average row correct: 98.1165599823% 
 + average rowUcol correct (VOC measure): 96.317822337151% 
 + global correct: 98.14%
--
ConfusionMatrix:
[[     977       0       1       0       0       0       0       1       1       0]   99.694% 	[class: 1]
 [       0    1124       2       2       0       2       1       3       1       0]   99.031% 	[class: 2]
 [       2       1    1025       0       0       0       0       3       1       0]   99.322% 	[class: 3]
 [       0       0       2    1002       0       2       0       1       2       1]   99.208% 	[class: 4]
 [       0       0       1       0     973       0       1       1       0       6]   99.084% 	[class: 5]
 [       2       0       0       7       0     881       1       1       0       0]   98.767% 	[class: 6]
 [       3       2       0       1       1       3     946       0       2       0]   98.747% 	[class: 7]
 [       0       2       3       0       0       0       0    1019       2       2]   99.125% 	[class: 8]
 [       1       0       2       3       1       1       0       1     962       3]   98.768% 	[class: 9]
 [       0       2       0       1       4       2       1       3       3     993]]  98.414% 	[class: 0]
 + average row correct: 99.015879631042% 
 + average rowUcol correct (VOC measure): 98.054287433624% 
 + global correct: 99.02%
--
ConfusionMatrix:
[[     971       0       0       1       1       1       2       1       2       1]   99.082% 	[class: 1]
 [       0    1127       1       2       0       1       2       0       2       0]   99.295% 	[class: 2]
 [       2       0    1015       1       2       0       2       4       6       0]   98.353% 	[class: 3]
 [       0       0       3     992       0       3       0       5       4       3]   98.218% 	[class: 4]
 [       2       0       0       1     959       0       5       2       0      13]   97.658% 	[class: 5]
 [       2       0       0       7       1     871       5       1       3       2]   97.646% 	[class: 6]
 [       5       2       1       1       1       3     943       0       2       0]   98.434% 	[class: 7]
 [       1       3       7       3       1       0       0    1007       0       6]   97.957% 	[class: 8]
 [       3       0       2       5       2       2       3       2     953       2]   97.844% 	[class: 9]
 [       3       2       0       4       6       2       0       6       0     986]]  97.721% 	[class: 0]
 + average row correct: 98.220680356026% 
 + average rowUcol correct (VOC measure): 96.51592373848% 
 + global correct: 98.24%
--
ConfusionMatrix:
[[     976       0       0       0       0       0       0       1       3       0]   99.592% 	[class: 1]
 [       0    1132       1       1       0       0       1       0       0       0]   99.736% 	[class: 2]
 [       1       1    1026       0       0       0       0       2       2       0]   99.419% 	[class: 3]
 [       0       0       0    1004       0       2       0       2       2       0]   99.406% 	[class: 4]
 [       0       0       1       0     977       0       1       0       0       3]   99.491% 	[class: 5]
 [       1       0       0       5       0     883       2       1       0       0]   98.991% 	[class: 6]
 [       5       2       0       1       1       4     945       0       0       0]   98.643% 	[class: 7]
 [       0       1       3       0       0       0       0    1019       1       4]   99.125% 	[class: 8]
 [       1       0       1       4       0       1       1       1     964       1]   98.973% 	[class: 9]
 [       0       0       0       1       5       3       0       2       0     998]]  98.910% 	[class: 0]
 + average row correct: 99.228456616402% 
 + average rowUcol correct (VOC measure): 98.472757339478% 
 + global correct: 99.24%
--
ConfusionMatrix:
[[     973       0       1       1       1       1       1       1       1       0]   99.286% 	[class: 1]
 [       0    1127       1       2       0       1       2       0       2       0]   99.295% 	[class: 2]
 [       5       1    1010       2       1       0       3       5       5       0]   97.868% 	[class: 3]
 [       2       0       0     993       0       3       0       6       3       3]   98.317% 	[class: 4]
 [       0       0       0       1     965       0       5       1       1       9]   98.269% 	[class: 5]
 [       4       0       0       5       1     869       6       1       3       3]   97.422% 	[class: 6]
 [       7       2       2       1       1       2     940       0       3       0]   98.121% 	[class: 7]
 [       1       4       5       1       1       0       0    1006       2       8]   97.860% 	[class: 8]
 [       3       0       1       3       3       5       2       2     951       4]   97.639% 	[class: 9]
 [       3       2       0       5       8       2       0       6       1     982]]  97.324% 	[class: 0]
 + average row correct: 98.139997124672% 
 + average rowUcol correct (VOC measure): 96.357060074806% 
 + global correct: 98.16%
--
ConfusionMatrix:
[[     977       0       0       0       0       0       1       1       1       0]   99.694% 	[class: 1]
 [       0    1130       1       1       0       1       1       1       0       0]   99.559% 	[class: 2]
 [       0       1    1026       0       0       0       0       2       3       0]   99.419% 	[class: 3]
 [       0       0       1    1001       0       4       0       2       2       0]   99.109% 	[class: 4]
 [       0       0       1       0     976       0       1       0       0       4]   99.389% 	[class: 5]
 [       1       0       0       6       0     881       2       1       1       0]   98.767% 	[class: 6]
 [       5       2       0       1       1       3     945       0       1       0]   98.643% 	[class: 7]
 [       0       2       3       0       0       0       0    1018       1       4]   99.027% 	[class: 8]
 [       2       0       1       0       1       1       1       0     966       2]   99.179% 	[class: 9]
 [       1       1       0       0       4       3       0       2       1     997]]  98.811% 	[class: 0]
 + average row correct: 99.159627556801% 
 + average rowUcol correct (VOC measure): 98.335120081902% 
 + global correct: 99.17%
--
ConfusionMatrix:
[[     972       0       1       1       1       1       2       1       1       0]   99.184% 	[class: 1]
 [       0    1127       2       1       0       1       2       0       2       0]   99.295% 	[class: 2]
 [       3       0    1012       1       1       0       3       6       6       0]   98.062% 	[class: 3]
 [       0       0       3     995       0       3       0       4       3       2]   98.515% 	[class: 4]
 [       1       0       1       1     960       1       5       1       1      11]   97.760% 	[class: 5]
 [       3       0       0       8       3     870       3       1       1       3]   97.534% 	[class: 6]
 [       5       2       1       1       1       4     942       0       2       0]   98.330% 	[class: 7]
 [       1       6       7       3       1       0       0    1003       1       6]   97.568% 	[class: 8]
 [       1       0       1       5       1       2       2       3     956       3]   98.152% 	[class: 9]
 [       3       2       0       5       6       0       0       5       1     987]]  97.820% 	[class: 0]
 + average row correct: 98.221852183342% 
 + average rowUcol correct (VOC measure): 96.520802974701% 
 + global correct: 98.24%
--
ConfusionMatrix:
[[     975       0       0       1       0       0       1       1       2       0]   99.490% 	[class: 1]
 [       0    1128       1       1       0       1       1       2       1       0]   99.383% 	[class: 2]
 [       0       0    1027       0       1       0       0       3       1       0]   99.516% 	[class: 3]
 [       0       0       2    1002       0       3       0       0       2       1]   99.208% 	[class: 4]
 [       0       0       0       0     970       0       3       1       1       7]   98.778% 	[class: 5]
 [       1       0       0       6       0     882       1       1       0       1]   98.879% 	[class: 6]
 [       4       2       0       1       2       4     945       0       0       0]   98.643% 	[class: 7]
 [       0       1       1       0       0       0       0    1019       1       6]   99.125% 	[class: 8]
 [       1       0       1       2       0       2       0       1     964       3]   98.973% 	[class: 9]
 [       0       2       0       4       3       2       0       2       2     994]]  98.513% 	[class: 0]
 + average row correct: 99.050760865211% 
 + average rowUcol correct (VOC measure): 98.122639656067% 
 + global correct: 99.06%
--
ConfusionMatrix:
[[     972       0       1       0       0       0       2       2       3       0]   99.184% 	[class: 1]
 [       0    1126       2       1       0       1       2       1       2       0]   99.207% 	[class: 2]
 [       2       1    1014       3       1       0       2       4       5       0]   98.256% 	[class: 3]
 [       0       0       5     989       0       5       0       5       3       3]   97.921% 	[class: 4]
 [       1       0       1       1     966       0       4       1       0       8]   98.371% 	[class: 5]
 [       2       0       0       7       1     872       4       1       3       2]   97.758% 	[class: 6]
 [       4       2       0       1       4       3     943       0       1       0]   98.434% 	[class: 7]
 [       1       3       6       1       0       0       0    1005       5       7]   97.763% 	[class: 8]
 [       3       1       3       4       2       5       3       3     946       4]   97.125% 	[class: 9]
 [       3       2       0       4       8       4       0       5       0     983]]  97.423% 	[class: 0]
 + average row correct: 98.144117593765% 
 + average rowUcol correct (VOC measure): 96.36113345623% 
 + global correct: 98.16%
--
ConfusionMatrix:
[[     977       0       0       0       0       0       0       1       2       0]   99.694% 	[class: 1]
 [       0    1132       1       0       0       1       1       0       0       0]   99.736% 	[class: 2]
 [       1       1    1028       0       0       0       0       2       0       0]   99.612% 	[class: 3]
 [       0       0       1    1003       0       4       0       0       2       0]   99.307% 	[class: 4]
 [       0       0       1       0     976       0       1       0       1       3]   99.389% 	[class: 5]
 [       2       0       0       5       0     883       1       1       0       0]   98.991% 	[class: 6]
 [       3       2       0       1       1       3     948       0       0       0]   98.956% 	[class: 7]
 [       0       1       3       0       0       0       0    1017       3       4]   98.930% 	[class: 8]
 [       2       0       2       2       0       0       0       1     966       1]   99.179% 	[class: 9]
 [       0       0       0       3       3       2       0       2       0     999]]  99.009% 	[class: 0]
 + average row correct: 99.280260205269% 
 + average rowUcol correct (VOC measure): 98.574348688126% 
 + global correct: 99.29%
